developer,negative_sentiment,neutral_sentiment,positive_sentiment,total_sentiment
"高考恋爱委员会,橘子班",0,1,1,2
橘子班,1,2,1,4
"インレ,Inre",1,1,3,5
△○□× (Miwashiba),0,0,5,5
xXarabongXx,1,0,0,1
webgames,0,0,1,1
vikingfabian.com,1,0,0,1
vidiludi games and entertainment,0,0,1,1
varlamov5264,0,1,0,1
treeform,0,1,4,5
tobyfox,32,32,159,223
tinyBuild,1,1,2,4
the whale husband,2,6,8,16
tamationgames,0,1,0,1
storm_sharks,0,0,1,1
stillalive studios,0,0,2,2
stage-nana,4,3,9,16
sparsevector,4,3,9,16
souvenir circ.,1,0,0,1
roseVeRte,0,1,0,1
rdt.32,0,0,4,4
quad games,0,1,0,1
practicing01,0,2,0,2
oddonegames,1,0,1,2
nornware AB,0,1,0,1
ninjalex,1,0,2,3
neko.works,0,0,1,1
nFusion Interactive,1,0,0,1
momoStorm Entertainment,1,0,0,1
minori,1,0,2,3
marbenx,2,10,13,25
kunst-stoff GmbH,0,0,1,1
kChamp Games,2,1,4,7
isTom Games Kft.,0,3,1,4
inner seas,0,0,1,1
increpare games,1,0,1,2
inXile Entertainment,1,0,7,8
id Software,26,22,104,152
"gord10,Aslan Game Studio",1,0,2,3
exosyphen studios,0,0,1,1
erobotan,0,0,1,1
electrolyte,0,1,1,2
doublesix,0,0,1,1
dobro_slon,0,1,0,1
d3t,1,0,0,1
cupholder,0,1,0,1
candyrocketstudio,1,0,0,1
bitHuffel,0,0,1,1
b-alive gmbh,0,1,1,2
b-Alive,1,0,0,1
app2fun,1,1,0,2
[geim].pro,0,0,1,1
[OneManBand],0,0,1,1
"Zykov Eddy,Xitilon",0,1,1,2
Zoë Mode,0,1,1,2
Zootfly,0,0,2,2
Zoo Corporation,0,0,2,2
Zombie Studios,1,1,2,4
Zombie Panic Team,4,10,19,33
Zinertek,0,0,1,1
Zeroscale,1,1,1,3
Zero Sum Games,4,0,2,6
Zero Point Software,1,4,26,31
Zenimax Online Studios,2,2,29,33
Zen Studios,0,0,2,2
Zeiva Inc,1,0,6,7
Zeboyd Games,1,0,5,6
Zbigniew Ochman,0,1,0,1
"Zaxis Games,B-evil",1,0,1,2
Zaratustra Productions,0,0,3,3
Zanrai Interactive,0,0,1,1
Zandel Media,0,0,1,1
ZackBellGames,1,0,2,3
Zachtronics,1,3,13,17
Z4G0 and Ivan Venturi Productions,0,0,1,1
Yume Creations,0,0,1,1
Young Horses,4,8,19,31
Yeti Trunk,0,0,1,1
YeaBoing,1,0,0,1
Yakiniku Banzai,0,1,2,3
Yager Development,19,7,55,81
Yacht Club Games,1,2,13,16
"YOTSUBANE,Adventure Planning Service",0,0,1,1
YFYX GAMES,0,0,1,1
YFC games,0,0,2,2
Xtal Sword,1,1,4,6
Xaviant,2,0,6,8
"Xavi Canal, Ben Palgi",1,2,2,5
XYLA Entertainment,1,1,3,5
XLGAMES,3,0,13,16
XGen Studios,0,0,1,1
"X1 Software,AWAR",1,0,1,2
X-Legend,1,4,19,24
X-Bow Software,0,0,1,1
Wyrmbyte,1,1,6,8
Wube Software LTD.,4,4,27,35
"World-Loom,Nitreal",0,0,1,1
Wolfire Games,7,7,31,45
Wizarbox,1,0,3,4
With The Love Studios,0,0,1,1
Witch Beam,0,0,3,3
"Wisdom Tree, Inc.",0,0,1,1
Winter Wolves,0,0,4,4
Windybeard,0,0,1,1
Wildgrass,0,0,1,1
WildTangent,0,0,1,1
Wild Shadow Studios,39,44,144,227
Wild Games Studio,4,4,4,12
Wholetone Games,1,2,2,5
WhiteMoon Dreams,0,0,1,1
White Rabbit Games,0,0,1,1
Weappy Studio,1,0,2,3
WeMade,2,0,7,9
"WayForward,Abstraction Games",0,0,4,4
WayForward,1,0,5,6
Warlock Wireless,0,0,1,1
WarfareSims,0,0,1,1
Warfare Studios,0,1,0,1
Wanako Games,1,0,0,1
Walter Machado,1,0,3,4
Wales Interactive,0,0,1,1
WZOGI,1,0,0,1
WTFOMGames,0,0,1,1
WRF Studios,0,0,1,1
WOLCEN Studio,0,0,1,1
"WB Games Montreal,Splash Damage",11,12,43,66
WARTEAM,6,5,22,33
Voxler Games,0,0,1,1
Vostok Games,10,5,10,25
Vortal Storm,4,1,6,11
Volumetric Games,0,0,1,1
VolumeUp Studios,0,0,1,1
"Volition,Reactor Zero,THQ Nordic",6,2,8,16
"Volition, Inc.",1,0,2,3
Volition,18,44,137,199
Vogelsap,0,1,0,1
"Vlambeer,Croteam",0,1,1,2
Vlambeer,16,23,58,97
Vladimir Maslov,0,0,3,3
Vivid Games S.A.,0,0,1,1
Vitali Kirpu,10,6,18,34
"Viswanath Atlu,Laurie Banks,Rohan Bhukan,Nick Burnham,Avinash Kalapala,Yash Kapani,Katharine Marsh,Ankur Rathore,Hardit Singh,Anoop Nihar Srinivas,Ryan Guanyuhao Jiang,Robert Zhu",0,1,2,3
VisualArts/Key,2,0,5,7
"Visual Concepts,Yuke's",1,2,3,6
Visual Concepts,6,0,10,16
Visceral Games,3,0,2,5
Virtual Racing Industries Ltd.,0,0,1,1
"Virtual Basement LLC,Code Headquarters LLC",3,0,5,8
"Virgin Interactive Entertainment,PriitK",0,0,1,1
Vine,1,0,2,3
"Ville Mönkkönen,Anne Mönkkönen",0,0,1,1
Vigil Games,0,0,8,8
Vifth Floor,0,0,1,1
"Vicious Cycle Software, Inc.",1,0,1,2
Vicious Cycle Software,0,0,1,1
Very Simple Idea Studios,0,0,1,1
Vertigo Gaming Inc.,0,4,7,11
Vertigo Games,1,0,0,1
"Vectorpark, Inc.",0,0,1,1
"Vblank Entertainment, Inc.",1,1,6,8
Varkian Empire,0,0,2,2
VaragtP,0,2,1,3
"Vanguard Games,343 Industries",0,1,17,18
Vanguard Games,1,0,0,1
Valve,934,2166,6382,9482
Vagabond Dog,1,0,6,7
Vae Victis Games,2,0,4,6
VStep,1,1,2,4
VIS Interactive,0,1,0,1
VIS - Visual Imagination Software,2,0,1,3
Urban Games,0,0,5,5
Uppercut Games Pty Ltd,0,0,2,2
"Upper One Games,E-Line Media",1,0,1,2
Unwonted Studios,0,0,1,1
Unknown Worlds Entertainment,11,18,24,53
"United Independent Entertainment GmbH,Actalogic",0,0,1,1
United Independent Entertainment GmbH,2,2,4,8
"United Front Games,Feral Interactive (Mac)",0,1,8,9
United Front Games,6,10,45,61
Unigine LLC.,0,0,1,1
Unicorn Games Studio,0,0,1,1
Unfinished Pixel,0,0,3,3
Underdog Games,1,0,1,2
Undead Labs,20,6,58,84
Ultravision Interactive,0,0,1,1
Ultra Runaway Games,0,0,1,1
Ubisoft Toronto,4,0,20,24
"Ubisoft Sofia,Ubisoft Kiev",0,1,5,6
Ubisoft Sofia,0,1,1,2
Ubisoft Romania,0,1,1,2
Ubisoft Reflections,0,0,1,1
"Ubisoft Quebec, in collaboration with Ubisoft Annecy, Bucharest, Kiev, Montreal, Montpellier, Shanghai, Singapore, Sofia, Toronto studios",0,1,3,4
"Ubisoft Paris,Red Storm Entertainment",2,1,1,4
Ubisoft Montréal,3,1,8,12
"Ubisoft Montreal, Red Storm, Shanghai, Toronto, Kiev",10,7,23,40
"Ubisoft Montreal, Massive Entertainment, and Ubisoft Shanghai",20,26,78,124
Ubisoft Montreal,46,62,172,280
Ubisoft Montpellier,12,2,25,39
Ubisoft - San Francisco,1,0,15,16
Ubisoft  Shanghaï,1,0,0,1
Ubisoft,24,14,73,111
Uber Entertainment,5,16,32,53
"UBIart Montpellier,Feral Interactive (Mac)",1,0,2,3
U.S. Army,5,2,14,21
U-Play Online,0,0,5,5
"Ty Taylor and Mario Castañeda,The Quantum Astrophysicists Guild",0,0,7,7
Two Tribes,0,1,12,13
Twisted Pixel Games,0,0,1,1
Twice Circled,0,0,1,1
Turtle Rock Studios,14,20,62,96
"Turtle Cream,PokPoong Games",0,0,2,2
Turbo Tape Games,1,0,0,1
Turbo Pixel Studios,0,0,3,3
Tuomo Laine,0,0,1,1
Tuesday Society,0,0,1,1
Troika Games,0,1,5,6
Triverske,1,0,0,1
"Triumph Studios,Virtual Programming",2,2,4,8
Triumph Studios,0,0,1,1
Tripwire Interactive,92,131,339,562
TripleBrick,0,0,1,1
Triple.B.Titles,0,0,1,1
"Triple-Star Studio,Rock Path Collective",0,0,1,1
"Trion Worlds, Inc.",6,8,33,47
Trion Worlds,20,34,122,176
Trinoteam,1,0,0,1
Trickstar Games,0,0,1,1
Tribute Games Inc.,1,0,4,5
Tribe Studios,3,1,3,7
Triangle Studios,0,0,2,2
Treyarch,48,62,246,356
Trese Brothers,0,0,1,1
TrerPlay,1,0,1,2
Trendy Entertainment,3,13,64,80
"Trek Industries, Inc",34,39,87,160
TreeFortress Games,0,0,2,2
Travian Games GmbH,0,1,1,2
"Traveller's Tales,TT Games,Feral Interactive (Mac)",1,1,3,5
"Traveller's Tales,Feral Interactive (Mac)",2,0,12,14
Traveller's Tales,4,8,38,50
Trav Nash,1,1,0,2
Trashmasters,3,0,3,6
Trapdoor Inc.,0,0,1,1
Transhuman Design,1,1,24,26
Transcendent Games,0,0,4,4
Tragnarion Studios,0,0,1,1
Touz,2,1,2,5
Totally Games,1,1,0,2
Torn Banner Studios,44,50,122,216
Tomorrow Corporation,2,6,28,36
Tomoaki Sugeno,0,0,1,1
"Tomi Maarela,Elias Viglione",6,3,11,20
Tomasz Wacławek,1,0,2,3
Tom De Roeck,1,0,0,1
Tokyo RPG Factory,0,0,1,1
Toge Productions,0,0,2,2
ToMorning Productions,0,0,1,1
"Tlön Studios,Ilex Games",1,1,2,4
Tlön Studios,0,3,0,3
Tindalos Interactive,2,0,2,4
Tin Man Games,1,0,2,3
TimeSymmetry,3,0,1,4
TimeGate Studios,1,0,2,3
Tim Sullivan,0,0,2,2
"Tilted Mill Entertainment, Inc.",0,0,1,1
Tigerish Games,0,0,4,4
Tiger Style,0,0,1,1
TickTock Games,0,0,3,3
Thunder Lotus Games,0,0,1,1
Three Rings,1,0,3,4
Three Gates,0,1,0,1
Threaks,0,0,2,2
Those Awesome Guys,0,2,4,6
Thomas Happ Games LLC,0,0,1,1
Thomas Bowker,2,4,12,18
"Thekla, Inc.",0,0,3,3
The Working Parts,0,0,2,2
The Tambourine,0,0,1,1
The Sims Studio,8,5,12,25
"The Quinnspiracy,Patrick Lindsey,Isaac Schankler",6,4,8,18
The Odd Gentlemen,0,1,6,7
The Molasses Flood,0,0,2,2
The Men Who Wear Many Hats,0,3,10,13
The Indie Stone,8,2,32,42
The Glitch Factory,0,0,1,1
The Game Kitchen,0,0,1,1
The Game Bakers,0,0,2,2
The Farm 51,1,3,2,6
The Dept of Silly Stuff,0,1,0,1
"The Creative Assembly,Feral Interactive (Mac),Feral Interactive (Linux)",10,11,42,63
"The Creative Assembly,Feral Interactive (Mac)",5,4,13,22
The Creative Assembly,3,4,11,18
The Chinese Room,4,1,6,11
The Binary Mill,0,0,1,1
The Behemoth,33,66,226,325
The Astronauts,0,0,6,6
Teyon,1,0,0,1
Test3 Projects,3,2,3,8
Tesseract Interactive,0,0,1,1
Terry Cavanagh,34,34,94,162
Terrible Posture Games,0,0,4,4
Terri Vellmann,2,0,1,3
"Tequila Works, S.L.",3,2,15,20
Teotl Studios,2,0,0,2
Tennen-sozai,0,0,1,1
"Tendershoot,A Jolly Corpse",0,0,1,1
Telltale Games,77,73,388,538
Teeworlds Team,0,0,3,3
Technomancy Studios,1,0,3,4
Technetium Games,1,0,0,1
Techland,18,21,91,130
Team6 game studios B.V.,0,0,1,1
Team17 Software Ltd.,0,0,1,1
Team17 Digital Ltd,7,11,20,38
Team Reptile,0,6,16,22
Team Psykskallar,31,31,55,117
"Team NINJA,KOEI TECMO GAMES CO., LTD.",1,2,4,7
Team Murder,0,1,0,1
Team Meat,8,19,39,66
Team Jolly Roger,1,0,3,4
Team Indev,0,0,1,1
Team Fractal Alligator,1,4,7,12
Team Eleven Eleven,0,2,3,5
Team Chivalry,3,0,6,9
"Team Chaos, LLC",0,0,2,2
"Team Bondi,Rockstar Leeds",2,3,11,16
Team 6 Studios,3,0,2,5
Tate Multimedia,0,0,5,5
Tasty Stewdios LLC,0,0,1,1
Tasharen Entertainment Inc.,0,1,5,6
Targem Games,1,1,1,3
Tango Gameworks,4,1,4,9
Tamsoft,0,0,2,2
Tamationgames,2,0,0,2
Tall Tail Studios,2,0,4,6
"TaleWorlds Entertainment,Flying Squirrel Entertainment",2,1,5,8
TaleWorlds Entertainment,33,34,156,223
Tale of Tales,0,1,1,2
Talawa Games,0,0,1,1
TURBOGUN,0,0,2,2
"TT Games,Traveller's Tales",1,5,6,12
"TT Games Ltd,Feral Interactive (Mac)",0,1,10,11
TT Games,1,1,4,6
"TT Fusion,Traveller's Tales,Feral Interactive (Mac)",0,1,5,6
TORaIKI,0,0,1,1
TNT Team,0,1,0,1
TML-Studios,0,1,2,3
TML Studios,1,0,1,2
TERC,0,0,4,4
TB Games,4,1,8,13
T3 Entertainment,1,0,0,1
"Syrin Studios,Small Impact Games",0,0,3,3
Synergy Team,0,7,20,27
Switchblade Monkeys Entertainment,0,1,4,5
Swing Swing Submarine,0,0,3,3
Sweet Dog Studios,0,1,1,2
Sven Co-op Team,5,9,15,29
Svajūnas Žemaitis,0,0,1,1
Suspicious Developments,4,8,60,72
Supra Games,0,0,1,1
Supergiant Games,6,12,96,114
SuperVillain Studios,4,1,6,11
Sunlight Games,2,0,0,2
Sundae Month,0,0,1,1
Sun-Studios,0,0,1,1
Sumo Digital,2,15,17,34
Subvert Games,0,0,1,1
Subsoap,1,0,6,7
Subset Games,33,7,105,145
Subatomic Studios LLC,0,1,1,2
Stygian Software,0,0,4,4
Stunlock Studios,0,0,1,1
StudioGIW,0,0,1,1
"Studio Wildcard,Instinct Games,Efecto Studios,Virtual Basement LLC",64,45,199,308
Studio Whisky Tango Inc.,0,0,1,1
Studio TeamShuriken,0,1,0,1
Studio Pixel,0,0,3,3
Studio Fizbin,0,0,3,3
Studio Eres,1,0,0,1
Studio Bean,1,0,1,2
Strike Games,1,0,1,2
Stridemann,2,5,16,23
Streum On Studio,4,4,9,17
Strategy First,0,0,1,1
Strangely Interactive Ltd,0,1,0,1
Strange Loop Games,0,0,1,1
Strange Fire,1,0,5,6
Straight Right,1,1,1,3
Stout Games,1,2,3,6
Storybird,0,1,1,2
Stone Blade Entertainment,0,0,1,1
Stolen Couch Games,0,1,0,1
Stoic,1,0,9,10
Still Running,1,0,0,1
StephenAllen,0,0,1,1
"Stellar Jockeys,Gausswerks",0,0,2,2
Stegersaurus Software Inc.,3,5,16,24
Steel Monkeys,1,2,3,6
Stately Snail,0,0,2,2
State of Play Games,0,0,1,1
Stardock Entertainment,2,0,13,15
Starbreeze Studios AB,5,3,30,38
Starbreeze,1,3,4,8
StarWraith 3D Games LLC,0,0,1,1
StarQuail Games,0,0,1,1
Star Vault AB,0,0,3,3
Star Maid Games,0,2,1,3
Star Gem Inc.,7,3,28,38
"Standing Stone Games, LLC",3,5,14,22
Stamina-Games,0,2,1,3
Stainless Games Ltd.,4,3,21,28
Stainless Games Ltd,0,1,2,3
Stainless Games,2,3,16,21
Stage 2 Studios,2,0,1,3
"Square Enix,DotEmu SAS.",0,0,2,2
Square Enix Montréal,0,0,1,1
Square Enix,10,7,76,93
Squad,14,18,102,134
Sproing,0,0,2,2
Sports Interactive,0,0,1,1
Spooky Squid Games Inc.,1,0,4,5
Split Polygon,0,0,1,1
Splash Damage,25,25,123,173
"Spike Chunsoft Co., Ltd.,Abstraction Games",2,0,6,8
"Spike Chunsoft Co., Ltd.",1,0,1,2
Spiderweb Software,0,0,2,2
Spiders,1,1,1,3
Spidermonk Entertainment,2,0,1,3
Spiderling Studios,16,10,44,70
Spicyhorse Games,0,1,2,3
Spicy Tails,1,1,1,3
Spicy Horse,0,0,1,1
Spellbound Studios,0,1,0,1
Spectral Games,0,0,1,1
Spearhead Games,0,1,5,6
Spasman Games,2,0,14,16
"Sparpweed,Codeglue",0,1,5,6
Spark Unlimited,1,1,3,5
Spark Plug Games,1,0,1,2
Spaces of Play,0,0,1,1
"Space Cat Studios,SnowFlame,Back To Basics Gaming",0,2,11,13
Space Budgie,0,1,2,3
Space Boat Studios,2,2,1,5
Soviet Games,0,3,16,19
Southend,0,0,1,1
South East Games,3,2,13,18
Soul Forge,0,0,1,1
Sos,1,3,13,17
Sorath,3,1,6,10
Sonic Team,0,0,6,6
Somi,1,1,1,3
Sometimes You,0,3,1,4
SomaSim,0,0,1,1
"Soloweb Studios,Ravens Eye Studio",0,0,2,2
Solest Games,0,1,0,1
SoftStar,0,0,1,1
Social Loner Studios,0,0,1,1
Soccer Manager Ltd,1,0,1,2
Snowblind Studios,3,2,12,17
Snowbird Games,0,0,2,2
"SnowFlame,Back To Basics Gaming",0,1,0,1
SnoutUp,2,6,13,21
Snapshot Games Inc.,1,0,3,4
Snails Animation,0,1,1,2
Smudged Cat Games Ltd,1,1,1,3
Smoodlez,0,0,1,1
Smolders,0,1,1,2
Smoking WOLF,1,1,4,6
Smashball Labs LLC,1,0,0,1
SmashGames,4,3,39,46
Smartly Dressed Games,140,235,660,1035
Small Town Studios,1,0,0,1
Smack Down Productions,0,0,1,1
Sluggerfly,1,0,1,2
Slightly Mad Studios,2,0,5,7
Sleepy Duck,0,0,1,1
SleepNinja Games,0,0,1,1
"Sledgehammer Games,Raven Software",22,11,41,74
Slant Six Games,1,0,2,3
Skyjaz Games,0,1,0,1
"Skybox Labs,Hidden Path Entertainment,Ensemble Studios",11,18,67,96
SkyGoblin,0,2,0,2
"SkyBox Labs,Forgotten Empires",1,0,2,3
"SkyBox Labs,Big Huge Games",2,3,13,18
Sky Fallen,0,1,0,1
Sky Drake Studios,0,0,2,2
Skobbejak Games,1,0,1,2
Skinny Jean Death Studios,1,0,0,1
Sketchy Logic,0,0,2,2
Skatanic Studios,0,0,1,1
Ska Studios,1,0,3,4
Size Five Games,0,1,0,1
Sixteen Tons Entertainment,0,0,5,5
SionoiS,0,0,1,1
Simon Roth,0,1,1,2
Simogo,2,1,4,7
SimBin,1,1,3,5
"Silverlode Interactive,Wasatch Games",1,0,0,1
Silver Wish Games,1,0,0,1
Silver Dollar Games,3,9,34,46
Silk Games,1,0,0,1
Silesia Games Sp. z o.o.,1,0,0,1
"Signal Studios,Smart Ghost",3,0,9,12
"Signal Studios,Krome Studios",0,1,2,3
Signal Studios,0,0,1,1
Sigma Team Inc.,0,0,2,2
Siege Games,0,0,1,1
Shumkov Dmitriy,8,10,33,51
Shortbreak Studios s.c.,1,3,3,7
Shorebound Studios,0,0,1,1
"Shokunin,Thomas M. Visser,Vincent Thiele",0,1,7,8
Shiver Games,3,2,2,7
Shiro Games,2,3,9,14
Shiny Entertainment,0,0,1,1
Shining Rock Software LLC,11,8,38,57
Shining Gate Software,0,0,1,1
Shifty Chair Games,0,0,1,1
Shield Break Studios,0,1,3,4
Sherman3D,1,0,0,1
Shawn Beck,1,1,0,2
ShaunJS,1,0,0,1
Shark Punch,1,1,1,3
Shadow Planet Productions,1,0,0,1
Serious Brew,0,0,1,1
Serenity Forge,0,0,1,1
Serellan LLC,0,0,1,1
"Separate Game Development,Dagestan Technology",1,0,0,1
Senscape,0,1,5,6
Semaphore,1,1,3,5
SeeThrough Studios,0,0,1,1
SecureMix LLC,0,0,1,1
Sector3 Studios,6,4,10,20
Section Studios,2,2,17,21
Secret Exit Ltd.,4,3,19,26
Secret Base,0,1,0,1
Sebastian Nigro,0,0,1,1
Sean Davy,0,0,1,1
Screwfly Studios,1,0,0,1
Scott Cawthon,62,44,116,222
Scirra,0,0,1,1
"Schine, GmbH",2,0,3,5
Scary Bee LLC,1,0,0,1
Scarlet String Studios,0,0,2,2
Sauropod Studio,1,0,9,10
Satsu,0,0,1,1
Sapphire Dragon Productions,1,1,1,3
Santa Ragione,0,2,1,3
Sandswept Studios,0,1,3,4
Sandlot Games,0,0,1,1
Samurai Punk,1,0,6,7
"Sami Maaranen (creator),Erkka Lehmus (co-designer)",0,0,1,1
Sam Barlow,0,0,1,1
Sam Atlas,0,0,1,1
Sakura River Interactive,0,0,3,3
Sakari Indie &amp; GriN,0,0,1,1
Sakari Indie,0,0,1,1
Sad Panda Studios,0,2,3,5
"Sachonski,Renamilanesi,Sith",1,0,1,2
Saber Interactive,0,0,3,3
SUPERHOT Team,4,0,24,28
STUDIO RADI-8,1,1,3,5
STRIKEWORKS,0,1,2,3
"SNK CORPORATION,DotEmu",3,4,11,18
"SNK CORPORATION,Code Mystics",0,2,0,2
SNK CORPORATION,1,2,5,8
SMG Studio,0,0,3,3
SFB Games,0,0,5,5
"SEGA Studios Australia,Feral Interactive (Mac)",0,0,1,1
SEGA,7,6,28,41
SDEnterNet,0,1,1,2
SCS Software,13,25,98,136
SANDLOT,0,0,4,4
"S2 Games, LLC",0,0,2,2
S2 Games,1,2,6,9
S.C. 16 BIT NIGHTS S.R.L.,0,0,4,4
"S Houben,N Tailor,A Barnett",1,0,1,2
Rusty Lake,1,0,0,1
Russpuppy,0,1,0,1
Running With Scissors,20,20,54,94
Runic Games,6,15,68,89
Rune Forge,1,0,1,2
RunServer,1,0,0,1
"Rudolf Kremers &amp; Alex May,Tuna",0,0,1,1
Rubycone,1,1,1,3
Rsupport Inc.,0,1,2,3
Rovio Entertainment Ltd,1,0,1,2
Rootify,0,0,1,1
Rooster Teeth Games,3,1,21,25
Room710Games,0,0,3,3
Ronimo Games,16,21,116,153
"Roman Anatolevich,Denis Ovsyannikov",0,1,0,1
"Roll7,General Arcade",1,2,1,4
Roll7,3,0,2,5
"Rogue Star,Boreal Sun,Spider,Deadman",0,1,0,1
Rogue Snail,0,3,5,8
Rogue Factor,0,0,3,3
Rogue Entertainment,0,0,1,1
"Rodeo Games,Twistplay",1,0,1,2
Rocktastic Games,0,0,1,1
"Rocksteady Studios,Feral Interactive (Mac)",10,18,81,109
Rocksteady Studios,15,4,46,65
Rocksteady,0,0,1,1
Rockstar Studios,4,10,29,43
Rockstar San Diego,0,0,1,1
Rockstar North / Toronto,1,0,9,10
Rockstar North,45,77,196,318
Rockstar New England,4,2,21,27
Rockstar Games,5,18,38,61
"Rocketeer Games Studio, LLC",6,1,14,21
Rocket Bear Games,2,0,3,5
Robotronic Games,1,1,6,8
Robot Gentleman,2,0,2,4
Robot Entertainment,5,11,46,62
RobTop Games,9,15,54,78
Rob Howland,0,0,4,4
Rival Games Ltd,0,0,1,1
Rising Sun Interactive,0,0,1,1
Rising Star Games,1,0,1,2
Richard Seabrook,0,0,1,1
Rhaon Entertainment,0,1,1,2
Revolution Software Ltd,0,0,3,3
Reverie World Studios,1,1,8,10
Retronic Games,1,0,0,1
Retro Yeti Games,1,2,3,6
Retro Army Limited,0,0,1,1
Reto-Moto,44,31,158,233
Replay Studios,0,0,3,3
Reperio Studios,1,2,1,4
Renegade Kid,0,0,1,1
Remedy Entertainment,6,4,26,36
Reloaded Productions,28,35,98,161
"Relic Entertainment,THQ Nordic",0,0,1,1
"Relic Entertainment,Feral Interactive (Mac/Linux)",3,8,14,25
"Relic Entertainment,Feral Interactive (Mac),Feral Interactive (Linux)",7,16,62,85
"Relic Entertainment,Europe at War Development Team",0,1,0,1
Relic Entertainment,5,13,41,59
Relic,2,3,9,14
Reiza Studios,1,3,3,7
Reflextions,0,0,1,1
Reflect Studios,1,1,3,5
Reentry Games,0,1,0,1
Redwood Games,0,0,1,1
Redshift,0,0,1,1
"Redlynx Ltd,Ubisoft  Shanghaï",3,3,5,11
Redlynx,0,0,1,1
"RedLynx, in collaboration with  Ubisoft Shanghai, Ubisoft Kiev",0,0,4,4
Red Thread Games,0,0,4,4
Red Team Games,0,0,3,3
"Red Storm Entertainment,Ubisoft Montreal",0,0,1,1
Red Storm Entertainment,0,0,2,2
Red Nettle Studio,0,0,1,1
Red Hook Studios,16,2,20,38
Red Dwarf Games,0,1,5,6
Red Duck Inc.,4,3,3,10
Red Barrels,21,16,48,85
Red Abyss Software,0,0,1,1
Recoil Games,1,0,4,5
Rebellion,22,22,109,153
Realmforge Studios,1,1,2,4
Reality Pump Studios,2,0,7,9
Reality Pump,2,0,2,4
Real Dynamics,0,0,1,1
Reakktor Studios,0,0,6,6
Reactor Zero,0,0,1,1
Re-Logic,68,116,532,716
Razvan,0,1,0,1
Razorworks,0,1,3,4
Raylight Games,1,0,0,1
Raven Travel Studios,0,0,1,1
"Raven Software,Aspyr (Mac)",5,3,9,17
Ratloop Asia,2,1,1,4
Raptor Claw Games,0,1,1,2
Rake in Grass,0,1,3,4
"Rainbow Studios,THQ Nordic",1,0,2,3
Rainbow Games,0,0,1,1
Rain Games,1,0,0,1
Rail Slave Games,4,6,4,14
Ragiva Games e.K.,0,0,1,1
Ragequit Corporation,5,3,9,17
RageSquid,0,0,1,1
Radical Fish Games,0,0,5,5
Radical Entertainment,4,1,10,15
Radiant Entertainment,0,1,8,9
"Radial Games Corp,Loren Bednar,Dr. Kimberly Voll,Lindsay Jorgensen",0,0,5,5
"Radial Games Corp,Dejobaan Games, LLC",0,0,5,5
Racing Bros,1,1,4,6
REX,0,0,1,1
REMIMORY,1,0,2,3
Qwiboo Ltd,0,0,1,1
Quickfire Games,1,0,1,2
Question,0,0,2,2
Quantumfrog,0,0,1,1
Quantized Bit,0,0,1,1
Quantic Dream,0,0,1,1
Qooc Software,1,2,1,4
"QUICKTEQUILA,Calum Bowen",0,0,1,1
QUICKTEQUILA,2,1,4,7
QCF Design,0,2,1,3
Q-Games Ltd.,0,1,0,1
Pyro Studios,3,0,4,7
Pwnee Studios,0,0,1,1
Puppygames,0,1,7,8
Puny Human,3,2,12,17
"Psyonix, Inc.",28,55,192,275
Psychic Software,1,1,3,5
Proxy Studios,0,0,1,1
Proton Studio Inc,1,1,13,15
Prospect Games,0,1,0,1
ProjectorGames,3,0,5,8
Prism Game Studios Ltd.,3,2,19,24
Priority Interrupt,0,0,6,6
Primal,0,0,1,1
Pribuni,0,0,1,1
Press Play,0,0,1,1
Powerhoof,0,0,4,4
Power of 2,4,4,18,26
PostMod Softworks,0,0,1,1
Positech Games,0,7,19,26
Portalarium,1,0,1,2
Poppermost Productions,3,2,23,28
"PopTop Software,BreakAway Games,Frog City Software",0,0,1,1
"PopCap Games, Inc.",6,9,17,32
Polytron Corporation,1,3,27,31
PolyPusher Studios,0,0,1,1
PolyKid,0,0,1,1
"PolarityFlow,Adrian Zingg",0,0,1,1
Polar Motion,0,0,1,1
Point Five Projects,0,1,0,1
Pocketwatch Games,6,8,30,44
Plethora-Project LLC,1,0,0,1
PlazSoft,0,0,1,1
Playsaurus,18,22,57,97
Playdead,3,9,21,33
Playbrains,1,1,0,2
Playata GmbH,0,0,1,1
PlayWay S.A.,0,1,0,1
PlayFlock,0,1,1,2
PlatinumGames,5,5,21,31
Pixeljam,1,2,1,4
PixelTail Games,1,1,7,9
PixelFade Inc,0,0,2,2
Pixel Ferrets,0,0,4,4
Pixel Federation,0,0,1,1
"Pixel Dash Studios, EQgames",1,3,7,11
Pixbits,0,0,2,2
Pivotal Games,0,0,1,1
"Pirozhok Studio,Vitaliy Ruzankin",0,0,1,1
Piranha Games Inc.,0,2,3,5
Piranha Bytes,1,0,5,6
Pipeworks Studio,0,0,1,1
Pinterac,0,0,3,3
"Pinokl Games,Kverta",0,1,3,4
PillowPigGames,1,0,0,1
"Pilgrim Adventures,GrabTheGames Studios",0,0,1,1
Pieces Interactive,3,2,4,9
PiGravity,4,0,1,5
Phr00t's Software,1,2,4,7
Photon Arena,0,0,1,1
Phosphor Games Studio,11,11,55,77
Phoenix Studio,0,1,0,1
Phoenix Online Studios,0,0,1,1
Phoenix Game Studio,0,1,0,1
Phigames,0,0,1,1
Phenomenon Games,0,0,2,2
Petroglyph,1,0,10,11
Petit Depotto,0,0,1,1
Peter Moorhead,0,0,1,1
Peter Brinson and Kurosh ValaNejad,0,0,1,1
PestoForce,1,0,1,2
Pencil Test Studios,0,1,0,1
Peacock Dreams Games,0,0,1,1
Peach Pie Productions,0,0,1,1
Payload Studios,4,1,7,12
Paul Fisch,1,2,12,15
Paul Bird,0,0,1,1
Pathea Games,0,2,7,9
Passtech Games,0,0,1,1
Parallaxian Pty Ltd,0,1,1,2
Paradox Development Studio,32,22,125,179
Panzer Gaming Studios,1,0,0,1
Pandemic Studios,16,19,65,100
PIXYUL,0,0,1,1
PIXOWL INC.,1,2,0,3
PERFECT PARALLEL,0,1,0,1
Oxide Games,0,0,2,2
Oxeye Game Studio,0,1,2,3
Owlchemy Labs,1,0,4,5
Owlbear,0,0,1,1
Owl Cave,1,0,0,1
Overhype Studios,0,0,1,1
Over the Top Games,0,0,3,3
Over The Moon,2,0,7,9
Outerminds Inc.,0,0,2,2
Outerlight Ltd.,7,3,19,29
Other Ocean Interactive,0,0,1,1
Osumia Games,4,4,3,11
Ostrich Banditos,1,0,4,5
Oscar Brittain,0,1,1,2
Oryx Design Lab,0,1,0,1
Orthogonal Games,1,0,0,1
Orlyapps,0,1,4,5
Orion Games,1,0,0,1
Organic Humans,1,0,1,2
Oreol,1,0,1,2
Orbital Knight,0,0,1,1
Orange_Juice,2,6,9,17
"OrangeGames,YoudaGames",0,1,2,3
Opus,0,0,9,9
Oovee® Game Studios,8,3,29,40
Onson Soft,0,0,2,2
On The Level Game Studios,0,0,1,1
Omniconnection,0,1,2,3
"Olli Harjola, Otto Hantula, Tom Jubert, Carlo Castellano",0,1,7,8
"Oleg Sergeev,Andrey Rumak,Do My Best",0,0,1,1
"Olde Sküül,Sculptured Software",0,0,1,1
Old School Games,0,1,8,9
Old B1ood,0,0,2,2
OhNoo Studio,0,0,1,1
Offworld Industries,8,2,18,28
Odin Game Studio,0,2,9,11
Oddworld Inhabitants,2,2,23,27
Octoshark Studios,4,1,7,12
"Obsidian Entertainment,Aspyr (Mac, Linux, &amp; Windows Update)",1,0,12,13
Obsidian Entertainment,27,51,214,292
OVERKILL Software,15,41,94,150
OVERKILL - a Starbreeze Studio.,9,26,51,86
OVERDRIVE,0,1,14,15
"OCR Dev Team,Onur Uça",0,0,2,2
OCCA Studios,0,0,1,1
Nyamyam,0,0,1,1
Nvizzio Creations,1,0,4,5
Numinous Games,0,0,2,2
Number None,1,0,6,7
Numantian Games,0,0,1,1
"Noviy Disk,Lesta Studios Inc",0,1,0,1
Novel Tea Games,0,0,1,1
NovaLogic,0,1,1,2
"Nova Dimension,Naga Entertainment",0,1,2,3
Noumena Studios,0,0,1,1
NotGames,1,6,10,17
"Northway Games,Sarah Northway",0,0,2,2
North of Earth,0,1,3,4
Nomad Games,1,3,12,16
Nom Nom Games,1,1,3,5
"Noio,Licorice",2,0,11,13
Noio,0,0,3,3
Nocturnal works,0,1,0,1
Noble Master LLC,0,0,1,1
Noble Empire Corp.,5,3,26,34
"Noah System,Mgame",2,2,1,5
No More Room in Hell Team,51,66,170,287
No Brakes Games,1,0,1,2
Nival,3,2,4,9
Ninja Theory,4,3,16,23
Ninja Robot Dinosaur,0,0,1,1
Ninja Kiwi,1,4,9,14
Nine Dots Studio,0,0,1,1
"Nina Freeman,Laura Knetzger,Stephen Lawrence Clark",1,0,1,2
"Nina Freeman,Emmett Butler,Decky Coss,Joni Kittaka",3,2,5,10
Nimbly Games,0,1,6,7
Nikita,0,0,1,1
Nihon Falcom,0,1,6,7
Night School Studio,0,0,2,2
Night Node,0,0,6,6
Niffler Ltd.,1,0,0,1
Nicolas Bernard,0,0,2,2
Nickervision Studios,0,0,6,6
"Nicalis, Inc.,Edmund McMillen",4,5,14,23
"Nicalis, Inc.",27,22,102,151
Nexon,24,18,77,119
New World Interactive,32,37,150,219
Neversoft,0,0,1,1
Never Don't Play,0,0,1,1
Netmarble Games,0,0,1,1
"NetherRealm Studios,High Voltage Software",19,18,47,84
NetherRealm Studios,1,1,0,2
Netcore Games,1,1,3,5
Net Games Laboratory,2,0,3,5
Nerial,0,0,2,2
Nerdook Productions,1,0,0,1
Nerd Kingdom Inc.,0,1,1,2
Neople,0,0,1,1
NeocoreGames,1,5,1,7
Neoclassic Games,0,0,1,1
NeoCoreGames,1,0,1,2
Nemesys Games,1,0,1,2
Neko Entertainment,0,0,1,1
Necrophone Games,3,2,17,22
Ndemic Creations,9,9,30,48
Nauris Amatnieks,0,0,1,1
Nate Schmold,0,0,2,2
Naiad Entertainment LLC,0,1,0,1
Nadeo,4,5,25,34
Nacho Games,1,1,0,2
Nabi Studios,18,15,53,86
NIKITA ONLINE,0,0,2,2
NIGORO,1,0,1,2
NGD Studios,1,4,6,11
NEXON Korea Corp.,4,0,4,8
NAMCO BANDAI Games,1,0,1,2
NAMCO,0,1,3,4
N3V Games,0,0,4,4
Mystic Games,0,0,1,1
Myrtilus Entertainment,0,0,1,1
Muzzy Lane Software,0,0,2,2
Muse Games,11,6,63,80
Murudai,0,0,6,6
MuHa Games,0,0,1,1
Mr. Blue,0,1,4,5
MovingBlocks,2,0,0,2
Mountain Sheep,0,0,1,1
Mouldy Toof Studios,6,10,30,46
Most Wanted Entertainment,0,0,1,1
Moppin,0,0,5,5
Moonlite Software,0,0,1,1
Moon Studios GmbH,3,3,29,35
Monomi Park,2,0,18,20
"Monolith Productions,Feral Interactive (Mac),Feral Interactive (Linux)",15,10,76,101
"Monolith Productions, Inc.,Timegate",2,2,4,8
"Monolith Productions, Inc.,Feral Interactive (Mac),Feral Interactive (Linux)",0,1,5,6
"Monolith Productions, Inc.",7,26,58,91
Monolith Productions,1,0,1,2
Monolith,2,0,1,3
"Monochrome, Inc",11,4,34,49
Monkeys Tales Studio,0,0,1,1
Mommy's Best Games,1,0,1,2
Moment Studio,1,0,0,1
Mokus,0,0,1,1
Mojang,0,1,0,1
Mohawk Games,0,0,5,5
MoeNovel,0,2,3,5
Modern Dream,2,0,5,7
Mode 7,1,1,8,10
MobileBits,0,0,1,1
MoaCube,1,0,0,1
Mixamo,0,0,3,3
"Mithis Games,THQ Nordic",0,0,1,1
Misfits Attic,0,1,2,3
Mirko Seithe,0,0,1,1
Mirillis,0,1,2,3
Mint Age Studios,1,1,6,8
Minskworks,0,0,2,2
Minority Media Inc.,0,1,2,3
Minor Key Games,2,3,19,24
MiniBoss,1,1,6,8
"Mine Loader Software Co., Ltd.",2,3,15,20
Mindstorm Studios,0,0,1,1
MinMax Games Ltd.,1,1,4,6
Mimimi Productions,0,0,2,2
Milkstone Studios,2,2,7,11
Milestone S.r.l.,0,0,8,8
"Milan Kazarka,Jeroen van Oosten",0,0,3,3
Mihai Morosanu,0,0,1,1
Mighty Rocket Studio,0,0,1,1
"Mighty Rabbit Studios,Gun.",0,0,4,4
"Mighty Rabbit Studios,Gun Media",0,0,1,1
Mighty Rabbit Studios,0,0,3,3
Might and Delight,3,1,12,16
"Midgar Studio,Fusty Game",0,0,3,3
"MidBoss, LLC.",0,0,1,1
Microsoft Game Studios,2,2,10,14
Microblast Games,7,4,16,27
"MicroProse Software, Inc",3,0,5,8
Michaela Laws,1,0,5,6
Michael Zahniser,1,0,5,6
"Michael Todd Games,Yazar Media Group LLC",0,0,1,1
Michael Todd Games,3,0,13,16
Michael Flynn,0,0,1,1
Meteoric Games,0,0,1,1
Metanet Software Inc.,0,1,0,1
Messhof,5,3,18,26
Meridian4,1,0,3,4
MercurySteam - Climax Studios,0,0,1,1
MercurySteam,1,0,2,3
Memetic Games,0,1,1,2
Megadev,3,0,5,8
"Mediatonic,The Irregular Corporation",0,0,1,1
"Mediatonic,Hato Moa,The Irregular Corporation",1,1,9,11
Mechanist Games,0,2,4,6
Maxis™,2,9,26,37
Maxime Vézina,0,0,3,3
Matthew Brown,2,0,9,11
Matt Thorson,0,2,2,4
Matt Roszak,1,1,7,9
"Matt Kap,Nicalis, Inc.",1,0,0,1
Masthead Studios Ltd,2,0,3,5
Massive Entertainment,10,10,21,41
"Massive Damage, Inc.",0,0,1,1
Maschinen-Mensch,0,1,0,1
"Masangsoft, Inc.",9,13,30,52
Marxnet,0,0,2,2
"Marvelous, Inc.",0,0,1,1
Martin Ivanov,0,0,3,3
"Mario von Rickenbach,Michael Frei",1,4,9,14
Marie Ronnaux Games,1,0,0,1
"Manuel Pazos,Daniel Celemín",0,0,1,1
Manic Game Studios,1,0,1,2
Mana Games,0,0,1,1
Malfador Machinations,0,0,2,2
MagicalTimeBean,0,0,1,1
Magic Notion,0,0,1,1
Madruga Works,1,0,5,6
Mad Otter Games,2,2,5,9
"Maciej Targoni,Wojciech Wasiak",2,2,11,15
MachineGames,1,0,6,7
Machine Games,9,5,33,47
Machine 22,0,0,1,1
MURA Interactive,1,0,2,3
MR-Software GbR,2,0,6,8
MOONSTONE,0,0,1,1
MEGAFUZZ,1,0,2,3
MAGIX Software GmbH,0,0,1,1
MAGES. Inc.,1,0,2,3
"M2H,Blackmill Games",24,11,67,102
"M2 Co.,LTD",1,0,2,3
Lunar Giant,0,0,1,1
Lukewarm Media,4,0,21,25
Luke Cripps,0,0,2,2
"Ludosity,Remar Games",1,0,2,3
Ludosity,1,1,2,4
Ludeon Studios,1,0,12,13
Lucky Frame,0,1,0,1
"Lucid Games,Aspyr (Mac &amp; Linux)",1,0,2,3
"LucasArts,Aspyr Studios",3,2,4,9
LucasArts,1,3,25,29
"Luc Bernard,SilverSphereStudios",0,1,0,1
LuGus Studios,0,0,4,4
Love Conquers All Games,1,0,5,6
Lost Decade Games,0,0,1,1
Loren Lemcke,0,0,1,1
Lord Kres,1,1,6,8
Looking Glass Studios,0,2,5,7
Lonely Troops,0,0,3,3
Logic Artists,0,0,1,1
Locomotivah,0,0,2,2
Little Green Men Games,1,1,4,6
Little Freedom Factory,0,1,0,1
Little Big Lee,0,0,1,1
Lionheart Creations,0,0,1,1
Lionhead Studios,3,4,19,26
Lion's Shade,0,0,3,3
"Lion Game Lion,OVERKILL - a Starbreeze Studio.",0,2,8,10
Lino Slahuschek,1,2,14,17
Limbic Entertainment,2,0,2,4
Limasse Five,0,0,1,1
Lightmare Studios,1,0,5,6
Lightmare Studio,0,0,1,1
Lighthouse Games Studio,0,0,2,2
Lightbulb Crew,0,1,1,2
Liar-soft,0,0,1,1
"Level Up Labs, LLC",0,0,3,3
Lesta Studio,2,0,0,2
Lesley Dodd,0,1,1,2
Lemonsucker Games,0,0,1,1
Lemondo Entertainment,1,0,0,1
Legend Studio,0,0,1,1
League of Geeks,0,1,6,7
Lazy Monday Games,0,0,3,3
Lazy Bum Games,0,0,1,1
Lazy Bear Games,0,0,3,3
Lazy 8 Studios,0,0,2,2
Lavaboots Studios,0,0,3,3
Last Limb LLC,0,0,1,1
Last Dimension,0,0,1,1
Last Day of Work,0,0,1,1
Larian Studios,3,4,15,22
Lapovich,1,0,0,1
Landon Podbielski,2,5,10,17
Landfall,1,0,4,5
Laminar Research,0,0,3,3
"Lamina Studios,Mike Studios",0,0,3,3
Lag Studios,7,5,11,23
Labyrinthine,0,1,2,3
Lab Zero Games,8,16,45,69
LWNA,0,0,3,3
LUCKY GIRLS LIMITED,0,0,1,1
LGK Games,0,0,1,1
LDC Studios,0,0,1,1
Kylotonn Racing Games,1,0,0,1
Kylotonn Entertainment,0,0,1,1
Kyle Seeley,32,34,105,171
Kuno Interactive,1,0,0,1
Kumobius,1,0,1,2
Kukouri,1,1,2,4
Kudosoft,0,0,3,3
Kronosaur Productions,0,0,1,1
Krome Studios,1,1,3,5
Krillbite Studio,7,22,56,85
Kot in Action Creative Artel,0,1,0,1
Konstantin Koshutin,0,0,5,5
Konsordo,3,0,3,6
Konami Digital Entertainment,12,20,39,71
Kojima Productions,1,1,17,19
Koga Tech Limited,0,0,3,3
"Koboldgames,Daedalic Entertainment",0,0,1,1
Knuckle Cracker,1,0,2,3
Kloonigames,0,1,1,2
"Klei Entertainment,Capybara Games",2,0,6,8
Klei Entertainment,23,20,113,156
Klace,1,0,0,1
Kittehface Software,1,0,0,1
Kitfox Games,0,0,2,2
KintoGames,2,0,2,4
Kinelco &amp; Lone Elk Creative,0,1,4,5
Killmonday Games AB,0,0,2,2
KillHouse Games,3,1,6,10
Kiddy,1,0,0,1
Kheops Studio,0,0,1,1
Key17 Games,0,0,1,1
Kew McParlane,0,1,0,1
Kerberos Productions Inc.,0,0,4,4
Kerberos Productions,0,0,1,1
Keinart Lobre,0,0,2,2
Keen Software House,4,2,10,16
Keen Games,0,1,6,7
Katauri Interactive,0,0,1,1
Katauri,1,1,5,7
Katapult,1,0,0,1
"Kaos Studios,Digital Extremes",1,0,5,6
Kaos Studios,0,0,1,1
KOG,4,7,19,30
"KOEI TECMO GAMES CO., LTD.",10,4,7,21
KIXEYE,1,1,0,2
KITATUS STUDIOS,2,0,0,2
KING Art,0,0,1,1
KHB-Soft,0,0,1,1
"KADOKAWA,Yoji Ojima",0,0,2,2
KADOKAWA GAMES / GRASSHOPPER MANUFACTURE,1,0,4,5
KADOKAWA,1,1,8,10
K Bros Games,0,0,1,1
"Just Add Water (Developments), Ltd.",1,1,2,4
"Jurlo,JetPackGone",1,0,1,2
"Jundroo, LLC",1,1,10,12
"JumpStart Games, Inc.",4,3,2,9
JumpCore Productions,0,0,2,2
Jujubee S.A.,0,0,1,1
Juicy Beast Studio,0,0,1,1
Joycity,0,6,9,15
Joshua Neurnberger,0,0,1,1
Josh Koenig (Slashandz),0,0,1,1
Jonathan Wood,0,0,3,3
Jon Sudbury Games,0,0,1,1
Jon Gallant,0,0,2,2
John Wizard,0,0,1,1
John Szymanski,0,1,0,1
John Cullen,0,0,1,1
Johannes Eski,0,3,4,7
JoWooD Vienna,1,0,0,1
Jimbob Games,0,0,1,1
"Jetdogs Studios,Zoom Out Games",2,2,2,6
JetCat Games,0,0,2,2
Jasper Byrne,0,0,2,2
Jason Rohrer,0,0,2,2
Jason Oda,0,0,1,1
Jarhead Games,1,0,0,1
"Jagex,Artplant",10,7,30,47
Jagex Limited,26,31,86,143
Jagex,0,0,1,1
Jae Lee Productions,0,1,0,1
"Jackbox Games, Inc.",1,0,4,5
JIW-Games,1,2,3,6
JForce Games,3,0,10,13
JE Software,0,1,0,1
JDM4iK,1,1,12,14
JCKSLAP,1,4,0,5
JAVELIN OÜ,1,0,0,1
Ivory Tower in collaboration with Ubisoft Reflections,3,6,9,18
Ivan Zanotti's MyMadness Works,0,0,3,3
Italic Pig,0,0,1,1
"Irrational Games,Looking Glass Studios",3,0,4,7
"Irrational Games,Aspyr (Mac),Virtual Programming (Linux)",23,44,195,262
Irrational Games,0,0,1,1
Ironsun Studios,0,0,1,1
Ironhide Game Studio,1,1,14,16
"Ironclad Games,Stardock Entertainment",3,2,21,26
Iron Tower Studio,1,0,1,2
"Iron Galaxy Studios, LLC",0,2,4,6
Iridium Studios,0,0,6,6
IonFx,0,0,1,1
IonFX,0,0,1,1
Ion Storm,3,3,16,22
"Io-Interactive A/S,Feral Interactive (Mac)",10,12,50,72
"Io-Interactive A/S,Feral Interactive (Linux),Feral Interactive (Mac)",0,0,1,1
Io-Interactive A/S,4,5,11,20
"Invictus-Games LLC.,ImageCode LLC.",0,0,1,1
InvertMouse,3,0,11,14
Invent4 Entertainment,28,20,57,105
Introversion Software,25,13,80,118
Interplay Inc.,3,0,4,7
Interdimensional Games Inc,0,2,1,3
Interceptor Entertainment,0,2,6,8
InterAction studios,0,1,1,2
Insurgency Development Team,1,1,2,4
Instant Kingdom,1,0,1,2
Ino-Co Plus,0,1,2,3
Ino-Co,0,0,1,1
Innocent Grey,0,0,1,1
Ink Stains Games,0,0,1,1
"Infinity Ward,Aspyr (Mac)",18,24,69,111
Infinity Ward,26,12,60,98
Infinity Plus 2,0,0,2,2
Infinite Interactive,1,0,2,3
Inferno Games,0,0,1,1
Incandescent Games,0,0,1,1
Immersive Douro,0,1,0,1
Image &amp; Form,0,0,3,3
Imaekgames [Imaek Limited],0,1,0,1
Illwinter Game Design,0,0,1,1
IllFonic,0,0,1,1
"Iguana Entertainment,Nightdive Studios",1,0,1,2
Igry.ru,0,0,1,1
Idol FX,0,2,1,3
Idigicon,1,0,2,3
"Idea Factory,Design Factory",0,0,1,1
"Idea Factory,Compile Heart,Tamsoft",0,0,2,2
"Idea Factory,Compile Heart,Sting",0,0,1,1
"Idea Factory,Compile Heart,Felistella",1,5,5,11
"Idea Factory,Compile Heart",0,2,3,5
Idea Factory,1,0,7,8
Icetesy SPRL,0,0,8,8
"Ice-Pick Lodge,General Arcade",1,0,0,1
Ice-Pick Lodge,1,0,3,4
Ice Water Games,1,4,10,15
Ian Campbell,2,0,5,7
ISOTX,0,0,1,1
IPACS,0,1,0,1
"IO Interactive A/S,Feral Interactive (Linux),Feral Interactive (Mac)",1,2,17,20
IO Interactive,3,1,3,7
IO Entertainment,1,0,1,2
IMGN.PRO,1,0,0,1
"IMCGAMES Co.,Ltd.",5,7,11,23
IF Studios,1,0,0,1
IDHAS Studios,0,0,1,1
"IDEA FACTORY Co., Ltd.,COMPILE HEART Co., Ltd.,FELISTELLA Co., Ltd.",1,5,23,29
ICE Entertainment,1,0,8,9
I Fight Bears,0,0,2,2
Hörberg Productions,0,1,3,4
Hypercane Studios,1,0,0,1
HyperSloth,3,1,1,5
Hyper Hippo Games,12,37,86,135
Hydravision Entertainment,0,0,4,4
Hunted Cow Studios,0,0,6,6
HuniePot,6,8,31,45
Humongous Entertainment,1,3,11,15
Humble Hearts LLC,1,4,34,39
Housemarque,0,0,1,1
House of Tales,0,0,1,1
House On Fire,0,0,1,1
Hothead Games,1,0,3,4
Hostel Games,0,0,2,2
Hosted Games,1,0,2,3
"Hopoo Games, LLC",9,20,86,115
Hoobalugalar_X,7,1,18,26
Home Net Games,0,0,1,1
"Holy Warp,Black Wing Foundation",1,1,0,2
Holy Priest,2,1,13,16
Holotech Studios,1,3,10,14
Hitcents,1,3,3,7
Hitbox Team,0,0,6,6
Hippomancer,0,0,1,1
Hipix Studio,0,1,0,1
Hinterland Studio Inc.,5,6,30,41
High Impact Games,0,0,1,1
Hidden Path Entertainment,1,0,8,9
Hi-Rez Studios,14,29,97,140
Heydeck Games,1,0,2,3
Hexage,0,0,2,2
Hesketh Studios,1,1,4,6
"Henrique Pegacha,Rafael Lima,Nuno Guerreiro",1,0,0,1
Hemisphere Games,0,1,1,2
Hello There AB,1,1,6,8
Hello Games,54,21,101,176
Hellbent Games,1,0,1,2
Heartbit Interactive,0,0,1,1
Heart Machine,1,2,5,8
Headup Games / Radon Labs,0,0,2,2
Headup Games / Crenetic,1,0,1,2
Headfirst Productions,0,0,1,1
HeR Interactive,0,1,1,2
"Hassey Enterprises, Inc.",1,2,3,6
Harvester Games,0,0,3,3
Harebrained Schemes,4,0,11,15
Hardsuit Labs,17,30,102,149
Handyman Studios,0,1,10,11
HandMade Game,1,0,0,1
Hanako Games,6,0,9,15
Hammerfall Publishing,1,0,4,5
Hammer Labs,0,0,2,2
Halycon Media GmbH &amp; Co. KG,0,0,1,1
Halissoni,0,0,1,1
Halfbus,0,0,3,3
"Haemimont Games,Feral Interactive (Mac)",0,1,0,1
Haemimont Games,4,6,45,55
HE SAW,0,0,1,1
"HANBITSOFT, INC.,IMC GAMES CO.,LTD.",0,0,1,1
Guru Games,1,0,0,1
"Gunfire Games,Vigil Games,THQ Nordic",0,1,1,2
Grynsoft,0,1,6,7
"Gromada,Buka Entertainment",0,0,1,1
Grip Games,1,0,4,5
Grey Havens,11,33,107,151
Grey Alien Games,0,1,1,2
Gremlin Interactive,0,0,2,2
Greenheart Games,5,8,75,88
Green Lava Studios,0,2,6,8
Great War Team,0,1,4,5
Gray Matter Studios,1,0,2,3
"Gravvit Ltd,Forbes  Consult Ltd",0,1,1,2
"Gravity, Inc.",4,2,4,10
Gravity Interactive,2,1,4,7
Good Games,0,0,1,1
Gone North Games,1,3,13,17
GolemLabs,0,0,1,1
Goldhawk Interactive,0,0,2,2
Going Loud Studios,1,5,21,27
GlyphX Games,0,0,1,1
Glass Knuckle Games,0,0,2,2
Gl33k,0,1,2,3
Ginger Labs LLC,0,0,1,1
Giants Software,3,8,24,35
Giant Squid,1,0,3,4
Giant Army,1,2,5,8
GhostShark,2,3,11,16
Ghost Town Games Ltd.,1,0,1,2
Geoff Keighley,1,0,3,4
"Geoff ""Zag"" Keene",0,0,1,1
Geniaware Srl,1,0,0,1
Genetix Studio,0,0,1,1
General Arcade,0,1,1,2
Genee Network,1,0,0,1
Geek Sloth Games,0,0,1,1
"Gearbox Software,Aspyr (Mac)",2,1,7,10
"Gearbox Software,Aspyr (Mac &amp; Linux)",47,92,416,555
Gearbox Software,9,14,57,80
"GearBox Software,Aspyr (Mac &amp; Linux)",0,1,0,1
Gatling Goat Studios,0,0,1,1
"Gaslamp Games, Inc.",2,0,5,7
Gas Powered Games,3,2,32,37
Ganz,1,2,5,8
Gamious,0,0,1,1
Gaming Minds Studios,0,0,1,1
Gaming Minds,0,0,1,1
"Games by Robert, LLC",0,0,1,1
Gamepires,0,0,3,3
Gameguyz,0,1,1,2
"Gamebryo,Virtual Playground",0,0,1,1
GameUS Inc.,0,0,1,1
GameUS Inc,1,0,0,1
GamePrix,0,1,2,3
GameORE,0,2,5,7
GameCrafterTeam,2,1,0,3
"GameConnect,InterWave Studios",2,1,3,6
GameArt Studio GmbH,1,0,1,2
Game-Labs,0,1,4,5
Game in a Bottle,0,0,2,2
Game Mechanics,1,1,2,4
Game Distillery s.r.o.,0,0,1,1
Game Dev Castle,0,0,3,3
Gambrinous,0,0,1,1
GalaxyTrail,0,0,10,10
Galactic Cafe,8,18,77,103
Gaijin Games,6,8,24,38
Gaijin Entertainment Corporation,1,0,4,5
Gaijin Entertainment,0,0,6,6
GabberGames.com,0,0,1,1
GTGD,0,0,1,1
GSC Game World,2,5,20,27
GNISoft,0,0,1,1
GDT Limited,0,0,1,1
"GAME ARTS Co., Ltd.,SkyBox Labs",0,0,1,1
G2CREW,0,1,3,4
G-OLD,0,0,1,1
Futuremark,0,0,4,4
"Funselektor Labs Inc.,FlippFly",0,2,5,7
Funcom,4,1,7,12
Fun Sponge Games,0,0,1,1
Fullbright,4,5,32,41
FullPowerSideAttack.com,0,1,0,1
Full Control Studios,0,1,5,6
Full Control,1,0,1,2
Fugazo,0,0,1,1
Frozenbyte,4,3,36,43
Frontwing,0,1,3,4
"Frontier,Aspyr (Mac)",1,1,6,8
Frontier Developments,0,0,1,1
"FromSoftware, Inc.",16,7,33,56
"FromSoftware, Inc",27,17,62,106
FromSoftware,49,18,84,151
Frogwares,2,1,8,11
Frogsong Studios AB,0,0,1,1
Frogshark,0,0,1,1
Frogdice,0,0,2,2
Frogames,0,1,4,5
Frima Studio,0,0,1,1
Frictional Games,19,13,30,62
Fresh3D,0,0,1,1
FreezeNova,0,0,1,1
Freejam,54,46,242,342
Freegamer,0,0,1,1
Freebird Games,11,11,46,68
Free Reign Entertainment,5,4,17,26
Free Lives,14,35,70,119
"Free Games Info,hyperboreanGames",0,0,1,1
Fred Wood,0,1,3,4
Freakinware Studios,4,5,17,26
Freakinware Limited,0,1,1,2
FreakZone Games,4,1,4,9
Fractal Phase,0,0,1,1
Four Quarters,1,1,2,4
"Fortress Forever Development Team,Trepid Studios",2,0,1,3
Forever Entertainment S. A.,2,5,4,11
Force Of Habit,0,0,1,1
Forbes Consult Ltd,0,0,1,1
Focus Home Interactive,0,3,3,6
Flyleap Studios Pty. Ltd.,0,0,4,4
Flyleap Studios,0,1,1,2
Flying Wild Hog,13,5,26,44
Flying Helmet Games,1,0,1,2
Flying Cafe for Semianimals,0,0,1,1
FlyAnvil,0,1,2,3
Flump Studios,0,1,0,1
Flox Studios Ltd.,0,0,1,1
"Flashback Games,The Lordz Games Studio",0,0,1,1
Fixpoint Productions Ltd.,0,0,2,2
Fistful of Frags Team,14,45,69,128
Fishlabs Entertainment GmbH,1,0,1,2
Fishing Planet LLC,1,2,8,11
Fishing Cactus,0,0,1,1
Fishcow Studio,0,0,1,1
Fireproof Games,0,1,2,3
Firemint,0,0,1,1
Firebase Industries Ltd.,0,0,1,1
FireFly Studios,12,6,26,44
"Firaxis,Feral Interactive (Mac),Feral Interactive (Linux)",7,4,26,37
"Firaxis,Feral Interactive (Mac and Linux)",1,0,1,2
"Firaxis Games,Feral Interactive (Mac),Feral Interactive (Linux)",18,9,80,107
"Firaxis Games,Feral Interactive (Mac)",0,0,1,1
"Firaxis Games,Aspyr (Mac, Linux)",39,53,280,372
Firaxis Games,5,1,12,18
"Finji,Kittehface Software",0,0,1,1
Final Form Games,0,0,3,3
Final Boss Entertainment,0,0,1,1
"Filip Victor,Valve",0,2,2,4
Fiddlesticks Games,0,0,1,1
Fictiorama Studios,0,0,1,1
Fervent,0,0,1,1
Fermenter Games,0,0,1,1
Fayju,0,1,1,2
Fatshark,5,6,22,33
Farsky Interactive,1,2,8,11
FarSight Studios,0,2,2,4
Fancy Fish Games,1,0,0,1
"Fancy Bytes, Reactor",0,0,1,1
Fallen Snow Studios,0,0,1,1
Failbetter Games,2,0,4,6
"Factor 5,LucasArts",0,0,1,1
Facepunch Studios,301,513,1661,2475
"Fabio Ferrara,Giulia Airoldi",1,1,2,4
"Fabio Ferrara,Davide Caio,Nicolò Azzolini,Antonio Carcagnì,Luigi Di Guida,Tommaso Vita",12,5,23,40
Fabio Ferrara,5,4,4,13
FRENCH-BREAD,0,1,1,2
FOAM Entertainment,0,0,1,1
"FIX Korea, Co.LTD,FIX Games, Co. LTD",28,24,75,127
FIVE-BN GAMES,0,1,1,2
Eyzi,6,6,10,22
Eyemobi Ltd.,0,0,2,2
Eyedentity Games Inc.,1,3,17,21
Eyebrow Interactive,0,0,3,3
Extrokold Games,1,0,0,1
Extend Studio,0,1,2,3
"Expansive Worlds,Avalanche Studios",19,14,61,94
Exor Studios,1,2,0,3
Exe Games Inc.,4,7,9,20
Excalibur,0,0,1,1
Exato Games Studio,1,0,3,4
Exato Game Studios,0,0,1,1
ExDream GmbH,0,0,2,2
Evil Twin Artworks,1,0,1,2
Evil Tortilla Games,5,5,8,18
"Evgeny Shcherbakov,Denis Ovsyannikov",0,0,1,1
Evgenii Gubanov,0,0,1,1
Everything Unlimited Ltd.,7,8,32,47
Evan Todd,0,1,0,1
Eurocom,0,0,1,1
Eugen Systems,7,8,28,43
Ethrea Dreams,0,0,1,1
"Erik Svedäng,El Huervo / Niklas Åkerblad,Tobias Sjögren,Oscar ""Ratvader"" Rydelius,Johannes Gotlén",0,0,1,1
Erik Asmussen,1,0,8,9
Eric Provan - Ayyo Games,1,0,0,1
"Eric Hartman,Ben Garney,Anthony Rotondo",4,6,9,19
"Eric Chahi,DotEmu",0,0,1,1
Eren Aydın,1,0,0,1
Epiphany Games,0,0,1,1
"Epic Games, Inc.",0,1,10,11
Entrada Interactive LLC,5,0,12,17
Entity Medialab,0,0,1,1
Entheogen Studios LLC,1,0,0,1
EnsenaSoft,0,1,0,1
Ensemble Studios,5,6,28,39
Endnight Games Ltd,36,27,140,203
Endless Loop Studios,0,0,3,3
Endgame Studios,0,0,1,1
Empty Clip Studios,0,1,1,2
Empires,0,0,2,2
Emmanuel Salva Cruz,0,0,2,2
Elliptic Games,0,0,3,3
Elixir Studios,1,0,2,3
Elite Games Team,0,0,1,1
Elijah Newman-Gomez,3,3,11,17
"Elias Viglione,Jussi Kukkonen",3,5,16,24
Eleon Game Studios,2,1,5,8
Electronic Arts,3,5,6,14
Elecorn,1,1,9,11
Elder Games,0,0,1,1
ElagoTech,0,1,0,1
Ekuator Games,0,0,1,1
Eko Software,2,10,24,36
EightyEightGames,2,2,3,7
"Eidos-Montréal,Feral Interactive (Mac)",6,5,16,27
Eidos Studio Hungary,0,2,2,4
"Eidos Montreal,Feral Interactive (Mac)",2,5,21,28
"Eidos Montreal,Feral Interactive (Linux),Feral Interactive (Mac)",2,1,13,16
Eidos Interactive,1,0,0,1
Egosoft,10,1,6,17
Eggtooth Team,0,0,1,1
Eggcode,0,0,3,3
Egamea Game Studios,0,1,1,2
Eforb,2,1,6,9
"Edmund McMillen,Tyler Glaiel",0,0,1,1
"Edmund McMillen,James Id",0,0,1,1
"Edmund McMillen, Florian Himsl",0,2,2,4
Edmund McMillen and Florian Himsl,27,26,131,184
Edge of Reality,49,75,243,367
Edge Case Games Ltd.,7,5,19,31
Eden Studios,1,1,5,7
Eden Industries,1,1,3,5
"Eden Games,Hydravision Entertainment",0,1,0,1
Edelweiss,2,0,1,3
Ed Key and David Kanaga,2,1,7,10
Eat Create Sleep,3,1,2,6
EasyGameStation,1,1,11,13
EasyAntiCheat Ltd,0,0,3,3
Eagle Dynamics SA,0,0,1,1
EXOR Studios,1,1,0,2
EXE-CREATE,0,0,1,1
EVGA,0,0,1,1
ESTsoft Corp.,0,1,0,1
ES Team,0,0,1,1
EA Redwood Shores,4,5,10,19
EA Los Angeles,3,5,21,29
EA Black Box,0,0,1,1
"EA - Maxis,Aspyr (Mac)",1,1,4,6
EA - Maxis,0,1,3,4
Dylan Fitterer,5,7,43,55
"Dumativa Creative Studio,Castro Brothers",1,0,1,2
Duelboot,0,0,1,1
Ductape studio,2,0,1,3
Dry Cactus,0,0,3,3
Droqen,1,0,0,1
Drixy Games,0,0,1,1
DrinkBox Studios,0,1,10,11
Dreampainters,0,1,1,2
Dream Reactor,0,0,1,1
Dreadbit,0,0,1,1
DreaMory,0,1,0,1
"Dragonfly GF Co., LTD",0,1,1,2
Dragonfly,2,4,26,32
Dovetail Games,4,7,22,33
Doublesix Games,0,0,1,1
DoubleDutch Games,9,17,56,82
DoubleBear Productions,1,1,1,3
"Double Helix Games,Rainbow Studios,THQ Nordic",1,0,9,10
"Double Helix Games,Capcom",0,0,1,1
Double Helix Games,0,1,1,2
Double Fine Productions,6,12,59,77
"Double Eleven,Q-Games Ltd.",1,0,1,2
Double Damage Games,0,1,3,4
Double Action Factory,10,14,27,51
DotEmu,0,1,4,5
Doomster Entertainment,0,0,1,1
Dominique Grieshofer,0,0,8,8
DolphinBarn,0,0,1,1
Dogenzaka Lab,0,1,0,1
Dodge Roll,2,1,7,10
Doctor Entertainment AB,5,3,21,29
DnS Development,2,0,0,2
Disney Interactive,0,0,1,1
Dischan Media,0,0,4,4
Dinosaur Polo Club,1,1,13,15
Dingo Games,0,0,3,3
Dingaling,2,2,5,9
Dimmdrive Inc.,0,0,1,1
Diminished Studios,1,0,1,2
Digitalmindsoft,6,8,18,32
Digital Tentacle,0,0,1,1
Digital Melody,1,0,4,5
Digital Leisure Inc.,3,2,0,5
Digital Happiness,0,0,1,1
Digital Furnace Games,0,1,0,1
Digital Extremes,49,118,440,607
Digital Dawn Studios,1,0,1,2
Digital Confectioners,5,15,38,58
Digital Arrow,0,0,1,1
DiggerWorld Ltd.,0,3,4,7
Digerati Distribution,0,0,6,6
DiezelPower,1,2,4,7
Dharker Studio,0,0,2,2
Devil's Details,2,1,11,14
Devespresso Games,0,0,1,1
Destructive Creations,1,2,2,5
Desert Owl Games LLC,0,1,1,2
Denver Productions,0,0,1,1
Dennaton Games,36,31,93,160
Demiurge Studios,0,0,7,7
Dekovir Entertainment,1,2,3,6
"Dejobaan Games, LLC",0,0,8,8
Deion Mobile,0,1,0,1
Defiant Development,0,0,9,9
Defence Alliance Team,0,1,3,4
Deepred,0,0,1,1
"Deep Silver Volition,High Voltage Software",4,1,12,17
Deep Silver Volition,22,47,142,211
Deep Red Limited,0,0,3,3
Deconstructeam,1,4,2,7
Deck13 Hamburg,0,0,2,2
Deck13,0,0,1,1
Decent Machine,0,0,2,2
Dead Shark Triplepunch,2,0,4,6
Dead Mage,1,0,0,1
DeXP,0,0,1,1
Days of Wonder,0,0,1,1
Daybreak Game Company,47,74,323,444
Day 1 Studios,4,0,6,10
Dawid Bujak,0,0,1,1
David Williamson,0,0,1,1
David Szymanski,1,1,5,7
David Stark,1,0,2,3
David OReilly,2,6,28,36
David Mulder,0,0,1,1
Data Realms,3,0,8,11
Darklight Games,0,0,1,1
DarkElite,0,1,2,3
Dark Energy Digital Ltd.,1,0,2,3
Dark Day Interactive,1,0,1,2
Dark Artz Entertainment,0,1,0,1
Dark Amber Softworks,1,0,0,1
Darius Bode,0,1,0,1
"Daniel Snd,Thiago Adamo",1,0,0,1
Daniel Mullins Games,1,0,10,11
Daniel Jonathan Bourke,2,2,3,7
Daniel Davies,1,1,6,8
Dancing Dragon Games,1,0,1,2
Dan Walters,0,0,2,2
Dan Fornace,3,1,9,13
"Dan  Walters,Ceri Williams",1,1,2,4
"Damian Sommer,Emily Carroll",0,1,2,3
Dambuster Studios,0,0,1,1
Damaged,0,1,0,1
Daedalic Entertainment,3,1,11,15
DR Studios,4,2,4,10
"DONTNOD Entertainment,Feral Interactive (Mac),Feral Interactive (Linux)",22,21,133,176
DONTNOD Entertainment,0,0,12,12
DL Softworks,1,1,5,7
DIMPS,3,5,23,31
DICE,21,22,75,118
DEVGRU-P,0,0,3,3
DEADFACTORY,0,1,0,1
D-Pad Studio,0,1,6,7
Cybertime System,1,1,5,7
Cyberlore,0,0,1,1
Cyberdreams,0,0,2,2
"CyberConnect2 Co., Ltd.",1,2,9,12
CyberConnect2 Co. Ltd.,7,8,24,39
Cyanide Studios,4,2,4,10
Cyanide Studio - Spiders Studios,0,0,1,1
Cyanide Studio,1,0,6,7
Cyanide Montreal,1,0,1,2
Cyanide,0,1,1,2
Cyan Worlds,0,0,2,2
Curve Studios,1,0,1,2
"Curve Digital,FuturLab",0,0,1,1
Crytek Studios,3,4,12,19
Crytek,31,15,63,109
Crystal Shard,0,0,2,2
"Crystal Dynamics,Feral Interactive (Mac),Feral Interactive (Linux)",17,23,117,157
"Crystal Dynamics,Feral Interactive (Mac)",0,0,1,1
Crystal Dynamics,1,1,3,5
Cryptic Studios,9,17,60,86
Cryptic Sea,0,0,1,1
Crows Crows Crows,2,5,14,21
Crowbar Collective,0,5,19,24
"Croteam,Alligator Pit",0,1,1,2
Croteam,3,5,24,32
Critical Studio,1,3,8,12
Criterion Games,6,3,39,48
Crian Soft,0,0,1,1
"Crescent Moon Games,Cinopt Studios",0,1,1,2
Creepy Cute,0,0,1,1
CreativeForge Games,1,0,2,3
"Creative Assembly,Feral Interactive (Mac),Feral Interactive (Linux)",9,8,34,51
"Creative Assembly,Feral Interactive (Linux),Feral Interactive (Mac)",7,4,25,36
"Creative Assembly, PC Port - Hardlight",2,0,2,4
Creative Assembly,29,15,79,123
Creat Studio,0,0,1,1
Creability,1,0,12,13
"CreSpirit,GemaYue",0,0,2,2
Crazy Viking Studios,1,1,2,4
Crazy Moo Games,0,3,3,6
Crate Entertainment,0,5,13,18
Crankshaft Games,1,0,0,1
Crackshell,2,3,8,13
Crackpot Entertainment,0,2,0,2
Counterplay Games Inc.,0,0,5,5
Cosmic Cow LLC,3,1,3,7
Corrosive Studios LLC,0,0,1,1
"Coreplay GmbH,Bigmoon Studios",1,0,1,2
Coredumping,0,0,3,3
Core Design,1,0,3,4
Convoy Games,0,0,2,2
Conrad Nelson,0,1,0,1
ConcernedApe,8,27,62,97
Compulsion Games,0,1,7,8
ComiPo! LLP,0,1,1,2
"Comcept,Inti Creates",1,0,0,1
Colossal Order Ltd.,11,13,60,84
Colossal Games,0,0,1,1
Colonthree Enterprises,1,0,0,1
Colibri Games,0,0,2,2
Cold Beam Games,3,4,15,22
Coffee Stain Studios,42,73,215,330
Code}{atch,10,9,37,56
Codename Entertainment Inc.,0,0,2,2
"Codemasters,Feral Interactive (Mac)",0,1,3,4
"Codemasters,Feral Interactive (Linux)",1,0,4,5
Codemasters Studios,2,0,3,5
"Codemasters Racing,Feral Interactive (Mac),Feral Interactive (Linux)",0,0,6,6
"Codemasters Racing,Feral Interactive (Mac)",1,3,17,21
Codemasters Digital,0,1,1,2
Codemasters Birmingham,0,0,1,1
Codemasters Action Studio,1,0,0,1
Codemasters,3,0,3,6
CodeBrush Games,7,5,26,38
Code Club AB,1,0,1,2
Cococucumber,1,0,1,2
Cockroach Inc.,0,0,1,1
Cobra Mobile,0,0,2,2
CoaguCo Industries,0,0,1,1
"Cloudcade, Inc.",1,0,0,1
Cloud 9 Studio,0,0,1,1
ClockStone,0,1,2,3
Climax Studios,1,0,3,4
"Cliffhanger Productions,Catalyst Games Lab",0,0,1,1
Cliffhanger Productions,0,1,0,1
Clickteam,1,0,3,4
ClickGames,1,0,0,1
Clever Endeavour Games,0,1,2,3
Clapfoot,0,0,1,1
CivilSavages,1,0,0,1
City Interactive,4,6,10,20
"Circle Five Studios,Pub Games",2,3,4,9
Cipher Prime Studios,1,2,1,4
Chucklefish,24,50,266,340
Chris Sawyer Productions,1,0,3,4
Chondrite Games,0,0,1,1
Choice of Games,2,1,7,10
Choice Provisions,0,0,1,1
Childish Things,0,0,2,2
Cherry Pop Games,4,1,5,10
Chasing Carrots,0,0,1,1
Charyb Games,0,1,0,1
Chaosoft Games,1,0,0,1
"Chad Close,Kyle Weik",0,0,1,1
Centauri Production,0,1,1,2
Celsius Game Studios,0,0,1,1
Cellar Door Games,1,5,35,41
Cavedog Entertainment,1,0,4,5
Cauldron,0,0,2,2
Cat5Games,0,1,1,2
Carmine T. Guida,0,0,3,3
Carlsen Games,2,0,4,6
Cardboard Keep,0,0,1,1
Carbon Games,7,11,52,70
Carbine Studios,0,0,7,7
"Capybara,Superbrothers,Jim Guthrie",0,1,2,3
Capybara Games,0,0,1,1
Cape Copenhagen,1,0,0,1
Capcom Vancouver,5,1,8,14
"Capcom U.S.A., Inc.",0,0,1,1
Capcom Game Studio Vancouver,4,4,11,19
Capcom,19,23,60,102
Camshaft Software,0,1,3,4
Campo Santo,3,3,40,46
Camouflaj,0,0,1,1
Cadenza Interactive,1,1,1,3
Cadence Games,1,0,1,2
Cabygon,0,1,0,1
CSR-Studios,1,3,6,10
"CRAZYDIAMOND CO., LTD.",0,0,4,4
CRASS Studios,0,0,1,1
CM Softworks,0,0,1,1
"CINEMAX, s.r.o.",0,2,2,4
"CI Games,Deck 13",3,0,5,8
CI Games,2,1,4,7
"CD PROJEKT RED,Can Explode",0,1,1,2
CD PROJEKT RED,7,11,44,62
CCP,4,3,8,15
CCCP,0,0,2,2
"CAVE Interactive CO.,LTD.",0,0,1,1
CAT IN JAR GAMES,0,1,0,1
"CAPCOM Co., Ltd.",6,7,13,26
"CAPCOM CO., LTD.",0,0,1,1
CAPCOM,0,1,1,2
C3SK,1,1,2,4
Bytebin,1,0,3,4
Butterscotch Shenanigans,0,0,4,4
BurstRay Games,0,0,1,1
BumpkinBrothers,0,1,1,2
Bulbware,0,0,1,1
Bugbyte Ltd.,0,0,1,1
Bugbear Entertainment,1,1,11,13
Bugbear,3,2,21,26
"Buddy Cops, LLC",0,0,1,1
Brytenwalda,0,2,4,6
Browny Application,0,1,0,1
Bromoco Games,0,0,1,1
Broken Rules,2,0,1,3
Brilliant Skies Ltd.,1,3,5,9
Brightrock Games,1,2,4,7
Brian Cronin,0,1,2,3
Breakfall,2,0,5,7
Brawsome,0,0,2,2
Brainy Studio LLC,0,0,1,1
Brainchild,0,0,1,1
Brain Bombers,1,0,0,1
Brace Yourself Games,4,2,12,18
Bossa Studios,19,24,72,115
Boss Baddie,1,1,1,3
Born Ready Games Ltd.,2,1,6,9
Born Ready Games,0,0,1,1
Boomzap Entertainment,0,0,1,1
"Boolat Games,Alawar Entertainment",0,0,2,2
Bongfish GmbH,1,0,0,1
Boneloaf,4,5,16,25
Bombservice,1,0,0,1
Bohemia Interactive,206,180,744,1130
Bob the Game Development Bot,1,0,1,2
"Bluehole, Inc.",4,9,36,49
Bluehole Ginno Games,0,1,2,3
Bluebutton Games,1,1,9,11
BlueLine Games,1,2,2,5
BlueGiant Interactive,1,0,2,3
BlueEagle Productions,0,1,1,2
Blue Tea Games,0,0,1,1
Blue Manchu,1,2,5,8
Blue Mammoth Games,11,13,57,81
Blue Isle Studios,4,2,6,12
"Blue Byte,Related Designs",0,0,1,1
Blue Byte,3,2,3,8
Blue Bottle Games,4,0,7,11
Blooming Buds Studio,0,0,1,1
Bloober Team SA,2,1,4,7
Blit Software,3,5,4,12
BlinkWorks Media,0,1,5,6
Blind Sky Studios,0,0,5,5
Blendo Games,4,1,6,11
Blender Foundation,1,1,7,9
Blazing Griffin,0,0,3,3
BlankMediaGames,9,0,25,34
Blackpowder Games,0,0,1,1
Blacklight Interactive,2,4,14,20
Blackhole,1,0,2,3
Blackfire Games,1,0,0,1
Blackbird Interactive,0,1,2,3
BlackSpot Entertainment,0,0,1,1
Black Shell Games,0,1,3,4
Black Sea Studios Ltd,1,0,1,2
Black Pants Studio,0,0,8,8
Black Lion Studios,0,0,1,1
Black Jacket Studios,0,0,1,1
Black Isle Studios,1,3,6,10
Black Forest Games,0,0,1,1
Black Eye Games,0,1,3,4
Black Element,1,0,1,2
Black Death Apps Limited,0,0,1,1
Bizarre Creations,0,2,2,4
"Bitl,Cobalt-57",0,0,1,1
Bithell Games,3,4,17,24
Bitbox Ltd.,4,0,22,26
"BitMonster, Inc.",2,1,10,13
BitFinity,0,0,1,1
"BioWare,Aspyr (Mac)",4,5,17,26
BioWare Corporation,0,0,1,1
BioWare,4,3,46,53
"Binary Zoo,The Game Creators",1,0,5,6
Binary Fortress Software,0,0,1,1
BigAnt Studios,0,0,1,1
Big Robot Ltd,4,2,14,20
"Big Huge Games,38 Studios",2,1,14,17
Big Finish Games,0,0,1,1
Big Fat Simulations Inc.,0,0,2,2
Big Fat Alien,2,0,2,4
Big Corporation,2,3,7,12
Big Ant Studios,0,0,7,7
Biart Company LLC,0,0,1,1
Bethesda Game Studios,63,61,262,386
BetaDwarf,1,1,2,4
Best Way,2,0,2,4
Best Gaem Studio,0,0,1,1
Benjamin Rivers Inc.,2,0,2,4
Benjamin Bryant,0,0,1,1
Ben Prunty Music,0,0,1,1
"Ben 'Yahtzee' Croshaw,Collected Worlds",0,0,1,1
Behold Studios,1,0,5,6
Beenox,0,0,1,1
Bedtime Digital Games,0,0,1,1
Bedlam Games,1,0,0,1
BeautiFun Games,0,0,1,1
Beamdog,2,0,4,6
BeamNG,3,1,7,11
Beam Team Games,14,12,42,68
BattleGoat Studios,0,1,3,4
"Batterystaple Games,Fire Hose Games",0,0,2,2
Batholith Entertainment,0,0,1,1
"Bat Country Games, LLC",0,0,2,2
Basaltic studio,0,0,2,2
Bare Mettle Entertainment,1,0,0,1
Bankroll Studios,7,6,11,24
Baller Industries,1,1,0,2
Baggy Cat Ltd,0,0,4,4
Badland Studio,0,1,4,5
"BadFly Interactive, a.s.",1,0,3,4
Bacon Wrapped Games,0,0,1,1
Back To Basics Gaming,0,0,2,2
BUGBEAR,0,0,2,2
BS1 &amp; BSL Team,1,0,0,1
BRHP,0,0,1,1
BANDAI NAMCO Studio Inc.,2,1,6,9
Axyos Games,0,1,1,2
Axolot Games,1,2,13,16
Axis Game Factory LLC,0,0,4,4
Axis Game Factory,0,0,3,3
AwesomeBlade,0,0,1,1
Awesome Games Studio,3,3,45,51
Avidly Wild Games,1,0,2,3
"Avalanche Studios,Feral Interactive (Mac/Linux)",10,7,34,51
Avalanche Studios,39,61,237,337
Avalanche Software,1,1,1,3
Austin Handle,0,0,1,1
Aurelien Regard,0,0,1,1
Atypical Games,0,0,1,1
Atum Software,0,0,1,1
AtomicTorch Studio,0,0,1,1
Atom Republic,0,1,0,1
Atelier 801,3,8,15,26
Atapki,0,0,1,1
"Aspyr,Quantic Dream (original release)",1,0,0,1
Aspyr Studios,1,0,7,8
Aspyr,0,0,4,4
Ascension Entertainment LLC,2,1,3,6
Ascaron Entertainment ltd.,1,0,1,2
Ascaron,1,0,1,2
Artifice Studio,1,1,2,4
Artifex Mundi,0,1,1,2
Artery Games,1,4,4,9
Artefacts Studios,0,1,0,1
Artefacts Studio,0,0,1,1
Arrowhead Game Studios,12,29,65,106
Armature Studio,1,0,0,1
Arkedo,0,1,2,3
Arkavi Studios,0,0,1,1
Arkane Studios,17,22,88,127
Archive Entertainment,8,8,23,39
"Arcen Games, LLC",0,1,7,8
Arc System Works,0,2,8,10
Aratog LLC,0,0,1,1
Arachnid Games,0,0,2,2
Aquiris Game Studio,1,0,1,2
Aperture Tag Team,1,0,10,11
Apeiron,0,0,1,1
Anvate Games,1,0,0,1
Antonio Renna,0,0,2,2
Anteater Games,0,1,0,1
"Antanas Marcelionis,Renė Petrulienė",0,0,1,1
Anothink,1,0,1,2
Ankama Studio,1,1,6,8
Anisoptera Games,2,0,3,5
Animu Game,0,0,1,1
Animation Arts,0,1,0,1
Angry Mob Games,1,0,0,1
Andy Wallace,0,1,1,2
Andrii Vintsevych,8,0,7,15
"AndrewMD5,Codeusa",0,0,2,2
Andrew Gilmour,2,0,0,2
Anarchy Enterprises,1,0,1,2
Amaterasu Software,0,0,1,1
"Amaranth Games, LLC",1,0,0,1
Amanita Design,0,2,6,8
Alternative Software Ltd,0,0,1,1
Altar Games,0,1,1,2
Almost Human Games,2,2,5,9
Allen Dayan,0,0,1,1
Alientrap,2,1,7,10
Alien Sync Interactive,1,0,0,1
Alien Pixel Studios,0,1,0,1
Alice &amp; Smith,0,0,1,1
"Alexey Davydov,Sergey Dvoynikov,Timofey Shargorodskiy",0,0,1,1
Alexander Bruce,4,4,43,51
Alex Zhang,0,1,0,1
Aleksey Abramenko,1,1,1,3
Aldorlea Games,0,1,0,1
Alawar Entertainment,0,0,1,1
Alawar,0,0,2,2
Alan Zucconi,0,0,1,1
Alan Edwardes,3,5,23,31
"AlPixel Games,Luis Diaz,Gustavo Santos,Albert Fernandez,Tice Thomason",1,1,4,6
"Akella,.dat",0,0,1,1
Akakiy Petrushkin,0,1,1,2
Aivaras Klimas,0,0,1,1
Airtight Games,2,1,9,12
Afterthought LLC,0,1,4,5
Aeon Dream Studios,0,0,1,1
Adam Foster,0,1,6,7
"Action Button Entertainment, LLC",0,1,0,1
Actalogic,1,0,2,3
Acid Nerve,3,0,2,5
Access Games,0,1,1,2
"Acceleroto, Inc.",0,0,1,1
"Abstraction Games,WayForward",0,0,1,1
Abstraction Games,0,0,2,2
Abstract Tree Studio,0,1,1,2
Abrakam SA,0,0,2,2
Abraham Carreola,0,1,0,1
Above and Beyond Technologies,0,0,1,1
Abbey Games,1,3,13,17
AZAMATIKA,1,0,0,1
AMPLITUDE Studios,5,5,35,45
ALLPlayer Group Ltd.,0,1,0,1
ALICE IN DISSONANCE,0,0,4,4
AGC,1,2,1,4
ACQUIRE Corp.,1,0,7,8
ACE Team,6,2,6,14
ACE MADDOX,0,0,1,1
A Jolly Corpse,0,0,1,1
A Crowd of Monsters,1,1,0,2
@unepic_fran,1,0,5,6
9heads Game Studios,6,1,7,14
8monkey Labs,0,0,1,1
88mm,0,0,1,1
8888888 LABS,1,0,1,2
800 North and Digital Ranch,15,15,31,61
8-Bit Studio,1,0,0,1
777 Studios,1,0,2,3
773,0,0,1,1
5th Cell Media,3,6,32,41
5Wolf,4,3,4,11
5 Lives Studios,0,0,1,1
5 Bits Games,0,0,3,3
4A Games,2,7,21,30
49 Games,0,1,0,1
48h Studio,0,0,1,1
4 I Lab,0,0,5,5
3f Interactive,0,0,2,2
3D Realms (Apogee Software),0,0,2,2
3909,10,9,57,76
"343 Industries,Vanguard Games",0,1,1,2
3000AD,1,0,0,1
30.06 Studios Ltd,0,1,0,1
3 Sprockets,0,0,5,5
2x2 Games,0,0,1,1
2Play,1,0,10,11
"2K Marin,2K China,Digital Extremes,2K Australia,Feral Interactive (Mac)",3,1,13,17
2K Marin,4,0,10,14
"2K Czech,Feral Interactive (Mac)",5,12,26,43
"2K Boston,2K Australia,Blind Squirrel,Feral Interactive (Mac)",1,0,5,6
"2K Boston,2K Australia",10,5,53,68
"2K Australia,Gearbox Software,Aspyr (Mac,Linux)",3,0,0,3
"2K Australia,Gearbox Software,Aspyr (Mac and Linux)",7,14,56,77
"2K Australia,Gearbox Software,Aspyr (Mac &amp; Linux)",0,0,1,1
2DEngine.com,0,0,1,1
2DArray,0,0,1,1
2D BOY,0,0,7,7
24 Caret Games,0,0,1,1
22cans,0,0,3,3
1C:InoCo,1,0,3,4
1C: Maddox Games,1,1,7,9
1C-SoftClub,0,0,2,2
1C-Avalon,0,0,2,2
1C Company,0,0,2,2
17-BIT,0,0,2,2
16bit Nights,1,0,0,1
14° East,1,0,1,2
11 bit studios,26,9,27,62
10tons Ltd,0,0,1,1
"10th Art Studio,Adventure Productions",1,0,0,1
07th Expansion,1,2,0,3
,0,0,0,0
